1000
8555
6056
11145
28890
6240
1767
13410
4162
29899
19147
30305
6964
30281
16801
15599
1495
3851
12414
18959
13416
18172
29057
30644
24580
20452
3269
23016
9135
29706
28551
3725
32071
22373
13447
13429
4419
20411
1468
32244
8530
8562
522
6293
25446
25180
4617
14231
7188
1743
1433
1720
20168
17986
11308
2533
12169
27439
24273
31585
16552
29469
31163
5447
7878
5744
10857
25227
18490
22981
6962
4218
19346
26816
11469
1596
32593
17312
24444
637
30052
12650
16484
9108
19834
16493
29738
11041
17040
11401
30665
13702
2397
29215
24077
12260
10714
25430
25690
2578
13704
3495
3741
6409
13674
29639
14137
8546
18313
29658
32016
15762
23744
17894
10636
10081
26864
6251
16026
30501
10902
27360
10375
20812
3243
12732
25247
29908
6533
4187
18314
24048
22848
10782
10319
2089
28949
9354
29966
28
17434
13674
232
7672
15353
5532
26861
14326
23
8084
23773
15564
3354
25277
32494
18238
17876
1761
8114
6598
9740
2178
17769
30372
14799
18666
4747
31475
30598
10003
20
13686
26812
16015
23984
30702
11598
1363
4776
25117
25529
7597
20101
4628
29548
23886
13030
8978
1571
6203
20824
5344
15422
7219
2873
29549
12088
12259
28730
10744
3246
4821
1586
30061
31677
28196
8197
18516
7911
28601
30777
6998
23049
17590
6507
23702
3476
11194
25367
31589
25744
14166
9000
10187
7216
8345
18611
26280
12627
32600
3795
27084
30168
23478
14055
10769
28554
22525
15258
1486
10494
23369
7506
10069
15833
7405
12227
15583
24269
28602
16448
25577
23792
15771
5339
29125
20119
23421
6085
12558
19170
15384
22382
1495
3662
22891
6838
9882
31806
31187
11711
25708
11183
3292
27144
16638
4818
15099
26850
21269
12713
24648
19638
190
25254
8744
2823
12763
10769
23701
19590
4788
291
25094
11419
125
4923
5154
1059
11905
18335
12562
21785
27769
8643
18556
26493
25840
1086
17266
29974
32135
24034
18643
12983
14136
30707
5110
2260
6802
7474
18765
25584
15725
19933
30201
17853
14022
6688
14097
21683
30036
29380
23002
10395
5752
22702
9175
1763
23117
8890
30246
21665
7426
10825
20986
13628
13224
30967
13099
2312
7847
9928
10841
28265
13510
29782
23622
411
30414
21847
26681
11778
16541
8924
18671
27188
8580
27878
4926
28408
26360
18610
12701
23677
6694
16667
28405
15390
26154
29488
30886
24639
636
13355
3021
26088
868
21733
9492
28824
4394
6892
14030
16353
24169
24590
30671
29529
4071
15130
18182
31929
1554
10614
726
14219
13299
11050
3235
22589
8228
8412
2840
29429
17329
22041
5868
25203
10008
11643
1980
1177
3123
28767
31731
20335
12782
12323
28947
21811
16917
10687
26790
27866
3159
14473
13748
30519
31013
7312
25634
9312
23529
15527
14292
24695
10433
6137
27553
13665
29790
595
16979
6136
11923
19118
1034
21908
31240
9231
4444
26723
31245
30823
21373
13503
9525
24547
20553
9927
3628
7561
8422
29991
3590
18562
24618
30071
30263
6129
4108
5487
27475
14894
19657
16487
13197
11395
28045
18453
5803
18129
21208
1697
18904
2322
6345
25401
17847
2139
11001
27050
11118
26517
32356
24491
22850
2566
7098
22770
6962
9493
6264
28319
10636
17630
25106
6194
10300
15309
20162
20981
12400
13243
23561
5102
10185
6837
28312
27016
26666
22517
9866
18092
28935
5928
23757
13170
7967
25213
6801
16248
25089
19373
23425
12216
28876
115
5444
18123
20584
26996
26261
31060
3301
12885
29352
9348
983
9900
28800
28378
25601
13680
21553
3602
21532
2909
2999
20618
10045
17804
7494
30751
16498
10006
16052
20048
6534
18472
15623
15124
13989
17357
25543
17792
193
14872
5838
27314
2058
27821
24339
5051
27155
17427
20450
14934
8095
1653
11112
21363
9044
31442
32060
6059
4574
1635
31658
29237
8272
7312
13454
5244
24723
26317
23650
23756
931
28353
545
1550
8027
12334
15761
8323
10172
17438
4386
1921
12906
24358
15540
30117
22473
23599
21237
32233
19730
5762
18671
21563
7980
5218
18907
22384
12210
24195
27780
23412
19169
5163
16632
29711
17303
10678
924
14172
5737
31198
1357
2499
1330
20923
853
29531
171
4731
772
12621
17179
22402
21182
17028
2787
32039
12897
10246
22814
29521
1608
4262
4274
7427
24419
30555
1036
20069
26385
18035
23511
4675
2892
21709
25352
19547
1901
8197
26213
7097
20020
28322
22591
17840
17495
21109
4117
32069
25329
17600
18282
14187
978
22815
6177
8964
3015
25260
7407
5949
17689
7759
22269
5275
31153
5003
4369
13300
1862
2542
10141
30152
15559
27890
10526
12698
7277
21233
3298
161
26284
23724
15042
10491
11984
24992
189
2160
9471
27096
30969
20936
14698
7542
12398
12044
21972
32322
18334
23620
30761
26610
28210
18268
5299
2801
23067
21357
22398
15133
32186
23091
19349
15608
18944
32485
11662
178
16316
1475
31997
29336
23446
4097
26489
28318
24005
24794
8794
31973
24084
31340
2177
31305
1301
11931
28013
15155
14094
3442
30114
7944
23989
12483
31930
15453
13400
10466
11593
10636
15965
26963
26191
24828
24324
4334
7426
6183
13496
22700
15081
8511
19058
13824
24626
5
19181
10632
13688
30907
28245
6441
25086
27834
14876
12646
15066
17162
30257
19187
18677
22661
5199
869
29802
23972
24061
6048
4363
10554
20210
5875
25361
7992
21087
70
9616
8605
32256
15562
846
7290
14980
12987
9206
11200
2375
21105
11778
10481
9748
4170
27669
1230
9277
19010
21345
12746
21109
17
31212
5082
20932
22130
23380
28853
235
19581
13223
21653
11204
24644
14505
26058
12782
11247
2700
29534
15695
12045
9298
16326
8484
25993
12546
4593
32597
10601
24651
414
20504
72
4662
10648
29989
27316
27175
21627
23856
11405
1702
12928
5695
15274
17597
28596
17452
9549
721
31196
358
716
16720
336
22772
13795
27158
24333
25657
3615
11132
6803
25007
17962
178
15470
27485
23701
29202
1667
11166
16846
30532
12293
10990
10749
12527
23539
27325
19320
13600
18860
31208
6548
26748
10122
2239
23171
28559
17537
32410
13052
29003
6392
22585
12607
10120
4256
4669
32538
8405
13186
7250
26615
6741
30688
9642
31400
14160
30107
15918
23767
19068
12116
23934
7159
31151
31738
23890
27258
